text_id	criterion	sample_llm	answer1_prob	answer2_prob	answer3_prob	answer4_prob
65ca24fff174b28977037c42	Q0	4	0.0005776092695876	0.0391112894058126	0.2687755532877596	0.6915355480368401
65ca2480f174b28977037c3c	Q0	3	0.0091757775766118	0.2449938577553359	0.4979415197180196	0.2478888449500326
65ca23c7f174b28977037c35	Q0	2	0.004589145043327	0.2801805289480149	0.5668207077565506	0.1484096182521073
65ca2346f174b28977037c2e	Q0	3	0.0099782933626059	0.1734465651227564	0.3672095147170018	0.4493656267976357
65ca225cf174b28977037c27	Q0	3	0.0012100330262226	0.060886139453717	0.3017385921517775	0.636165235368283
65ca2184f174b28977037c20	Q0	3	0.0007328860346778	0.1782206755803158	0.5326769127306106	0.2883695256543959
65ca207af174b28977037c1a	Q0	4	0.0045021821142965	0.140554426857662	0.3109439259562938	0.5439994650717476
65ca1fe6f174b28977037c13	Q0	4	0.0009496417388054	0.0908838318057032	0.3642658351526662	0.5439006913028251
65ca1f4df174b28977037c0c	Q0	3	0.0421707711553852	0.2981768164730048	0.4484076960528472	0.2112447163187625
65ca1988f174b28977037c05	Q0	3	0.0447228665309942	0.400351666181777	0.4082837042545012	0.1466417630327275
65ca189ff174b28977037bfe	Q0	4	0.0040906332989976	0.1644773052857104	0.4259191965844894	0.4055128648308025
65ca0f6ff174b28977037bf6	Q0	2	0.0143456604654837	0.2464269966256296	0.3640475496038302	0.3751797933050565
65ca0f23f174b28977037bf2	Q0	2	0.002746918911493	0.2068748844838996	0.3396469133114662	0.450731283293141
65ca0d9af174b28977037be7	Q0	3	0.0383248537803042	0.2530028894705078	0.3532828141851684	0.3553894425640196
65ca0d19f174b28977037bde	Q0	4	0.0052166968810805	0.1658508880973909	0.426363990910622	0.4025684241109065
65ca0c58f174b28977037bd6	Q0	4	0.0071424582542006	0.187644442793862	0.49877670488591	0.3064363940660273
65ca0a93f174b28977037bca	Q0	3	0.0096897599633904	0.1877695389146575	0.3289216097098776	0.4736190914120743
65ca0914f174b28977037bc2	Q0	4	0.0020732612450783	0.0942621893768158	0.3013336577187236	0.6023308916593824
65ca04ecf174b28977037bb5	Q0	4	0.0080267809446258	0.1723381730586449	0.3625562624312936	0.4570787835654357
65ca0376f174b28977037bb3	Q0	4	0.001450595480836	0.0756322476585845	0.3003674169816747	0.6225497398789046
65ca0179f174b28977037baa	Q0	1	0.0329148658791161	0.15931874899771	0.3773472330595147	0.4304191520636589
65c9fdabf174b28977037b9c	Q0	3	0.0087388863321349	0.1950636585898498	0.4588573418106304	0.3373401132673846
65c9fbfdf174b28977037b96	Q0	4	0.0005102611863028	0.0316922428423073	0.254656389838795	0.7131411061325947
65c9fb8df174b28977037b93	Q0	3	0.0047618917840029	0.201762996296445	0.4580642201266278	0.3354108917929243
65c9fb2ff174b28977037b90	Q0	3	0.0070501415600724	0.1904328037395748	0.370038108420437	0.4324789462799157
65c9fa09f174b28977037b88	Q0	4	0.0013386901012245	0.1000331868531015	0.4658068668801249	0.4328212561655489
65c9f916f174b28977037b80	Q0	4	0.0015363367149425	0.0413189125507156	0.278870642167633	0.6782741085667088
65c9f7cbf174b28977037b78	Q0	4	0.0024018518872268	0.199507007192766	0.3285934786307279	0.4694976622892791
65c9f712f174b28977037b6d	Q0	3	0.0055096440752807	0.1247497742412502	0.340550465618425	0.529190116065044
65c9f62ef174b28977037b65	Q0	3	0.0182208493203805	0.2172875312954245	0.382784235049844	0.381707384334351
65c9f5e2f174b28977037b60	Q0	3	0.0449995450401139	0.2560235620493596	0.3303114111051564	0.3686654818053699
65c9f515f174b28977037b54	Q0	3	0.0043757734996167	0.183447221357724	0.49495523992921	0.3172217652134491
65c9f4dff174b28977037b4f	Q0	2	0.0013506663463862	0.1638705948545134	0.4136461758046021	0.4211325629944982
65c9f3b1f174b28977037b3f	Q0	2	0.0123335083586972	0.1923146081486575	0.4062264062852619	0.3891254772073833
65c9f34df174b28977037b34	Q0	3	0.0147351566370966	0.169812085525759	0.3458508616383414	0.469601896198803
65c9f2fff174b28977037b2e	Q0	2	0.0218282533635258	0.267101371939267	0.359323413616321	0.3517469610808861
65c9f2f5f174b28977037b2c	Q0	4	0.0019450625759192	0.0479838333641097	0.2295599118539892	0.7205111922059819
65c9f24ef174b28977037b1c	Q0	4	0.0043442620183741	0.1172709885486284	0.4174598609024142	0.460924888530583
65c9f117f174b28977037b14	Q0	3	0.0137840166447562	0.2756217643373852	0.4139009304532213	0.2966932885646371
65c9f0b2f174b28977037b10	Q0	3	0.0025824001913466	0.1022523291043281	0.2989064574754717	0.5962588132288534
65c9f033f174b28977037b08	Q0	3	0.0008416220237391	0.0650457541033828	0.2998474758541311	0.6342651480187467
65c9efadf174b28977037af7	Q0	3	0.001793679678135	0.0844443633766348	0.478065951073015	0.4356960058722151
65c9ef9ff174b28977037af4	Q0	3	0.0095411368975531	0.1650984644260755	0.4068704174123151	0.4184899812640562
65c9ef50f174b28977037aee	Q0	3	0.0026236001301926	0.0908919346988075	0.4207878258588133	0.4856966393121865
65c9eeb1f174b28977037ae0	Q0	4	0.000903095337309	0.0690224799060472	0.395305141690469	0.5347692830661747
65c9ee66f174b28977037ad8	Q0	4	0.0097384741701125	0.2114615635478476	0.4927547024854041	0.2860452597966357
65c9edf6f174b28977037ad1	Q0	3	0.0010572325684432	0.0421127653459086	0.2323285908782139	0.724501411207434
65c9edf0f174b28977037ace	Q0	2	0.012628333401108	0.202612192889081	0.3636922605787738	0.4210672131310373
65c9ece5f174b28977037abe	Q0	4	0.0041852376619393	0.1154361647841123	0.3482072649166855	0.5321713326372629
65c9eccdf174b28977037abc	Q0	4	0.0008825155271613	0.055292960518047	0.3001031365839455	0.6437213873708462
65c9ec9af174b28977037ab9	Q0	2	0.0143917445800553	0.2808255474990083	0.4336382187587818	0.2711444891621543
65c9ebedf174b28977037aad	Q0	4	0.0046292723440255	0.1210039747982401	0.3314249187824992	0.5429418340752351
65c9ebb6f174b28977037aa5	Q0	4	0.0093146949840642	0.1311238057454777	0.3307927872391261	0.5287687120313319
65c9eb68f174b28977037a99	Q0	2	0.0317491039556064	0.3826323678230244	0.3444113070153916	0.2412072212059774
65c9eb09f174b28977037a90	Q0	4	0.0180238036108855	0.3677902883405214	0.442303132476076	0.1718827755725169
65c9eae6f174b28977037a8b	Q0	4	0.0031844127029748	0.1363885745153865	0.3127901997165725	0.5476368130650661
65c9ea9cf174b28977037a84	Q0	4	0.0023664848215272	0.1095789020514264	0.3680565137874039	0.5199980993396426
65c9ea70f174b28977037a7f	Q0	4	0.0008644257670738	0.0553237091982044	0.3243796387538805	0.6194322262808412
65c9e885f174b28977037a5f	Q0	4	0.0061115285862038	0.1378900212096052	0.3230629576870958	0.532935492517095
65c9e81df174b28977037a53	Q0	2	0.010343548024709	0.1962161477171393	0.3859926184419427	0.4074476858162088
65c9e7eaf174b28977037a45	Q0	2	0.0040515704790849	0.1063833392411919	0.2614605936283283	0.6281044966513947
65c9e7d9f174b28977037a3f	Q0	3	0.0248412549062698	0.2707373263494764	0.3754322674720095	0.3289891512722441
65c9e75bf174b28977037a2e	Q0	3	0.0063347404444695	0.176288426612766	0.4129416671688577	0.4044351657739066
65c9e716f174b28977037a23	Q0	3	0.0086299519032166	0.1315431496313084	0.3471046195861185	0.5127222788793565
65c9e6b5f174b28977037a16	Q0	4	0.0011208883541212	0.0674622609328221	0.2886453708782237	0.642771479834833
65c9e641f174b28977037a04	Q0	4	0.0014837936353412	0.103386239746559	0.3328150317125065	0.5623149349055931
65c9e579f174b289770379f3	Q0	3	0.0128118274902207	0.2676848797744304	0.4896011925470041	0.2299021001883447
65c9e4c9f174b289770379e2	Q0	3	0.0083713107477617	0.2206856681337518	0.5250361791737493	0.245906841944737
65c9e49df174b289770379dd	Q0	4	0.0028841188957244	0.1299633184086949	0.4432792818839611	0.4238732808116195
65c9e3f6f174b289770379c7	Q0	3	0.0024621147389687	0.1243981278362675	0.4814114600055004	0.3917282974192632
65c9e3f1f174b289770379c5	Q0	3	0.0071757646691279	0.1580676854251648	0.4740797991021511	0.3606767508035559
65c9e2f0f174b289770379ac	Q0	4	0.0116677515285438	0.2139600374421521	0.5066513815172414	0.2677208295120625
65c9e29cf174b2897703799d	Q0	2	0.0024276819252845	0.067527077247554	0.3422113955837745	0.587833845243387
65c9e259f174b28977037999	Q0	4	0.0033658391255971	0.1279892787551525	0.2522111165035784	0.6164337656156719
65c9e117f174b28977037986	Q0	4	0.0018784468311837	0.0454773673700202	0.3280064857324534	0.6246377000663428
65c9e0a9f174b2897703797c	Q0	2	0.0177062375436954	0.2338843075927122	0.4988337535877185	0.2495757012758739
65c9e093f174b28977037977	Q0	4	0.0087882801478811	0.1365256395437339	0.3508932802880056	0.5037928000203794
65c9e011f174b28977037970	Q0	3	0.0046553501109675	0.1296968390402683	0.3508540481344279	0.5147937627143362
65c9dfe8f174b2897703796d	Q0	3	0.0077873308838446	0.1690389340725724	0.4859528814821344	0.3372208535614486
65c9dd5df174b28977037959	Q0	3	0.0047576839639047	0.1356595566788626	0.3159381250557434	0.5436446343014892
65c9db5df174b2897703794a	Q0	3	0.0252475412056254	0.2087963913358377	0.4891029861795661	0.2768530812789706
65c9da77f174b28977037941	Q0	3	0.006592379613145	0.1444227377773479	0.356194730786296	0.492790151823211
65c9d8e5f174b28977037939	Q0	4	0.0127753129922453	0.2260167781596422	0.4183587994235829	0.3428491094245294
65c9d7f6f174b28977037923	Q0	2	0.0205279014589953	0.336682586788583	0.4629522919072212	0.1798372198452004
65c9d7c6f174b2897703791b	Q0	4	0.0008179734879933	0.0340264494207335	0.212755186669038	0.7524003904222352
65c9d78ff174b28977037916	Q0	3	0.0037223961019961	0.1309369977582837	0.3638030589483331	0.501537547191387
65c9cfb3f174b28977037906	Q0	4	0.0059038881400562	0.1060553195632933	0.2654919289145175	0.6225488633821329
65c9ccf8f174b289770378fe	Q0	3	0.0003307620027976	0.0124965025979114	0.1460619742771619	0.8411107611221289
65c9cccaf174b289770378f9	Q0	2	0.0096276568028852	0.1970730108545728	0.2750151462857977	0.5182841860567443
65c9ccbcf174b289770378f7	Q0	4	0.014624891948639	0.2186622725357969	0.3785329809313341	0.3881798545842297
65c9caaef174b289770378e8	Q0	4	0.0123566454869193	0.2053198925698112	0.3260683475517972	0.4562551143914721
65c9caa7f174b289770378e6	Q0	4	0.0013310226150953	0.0616153070242687	0.2782782549864648	0.658775415374171
65c9c8d9f174b289770378cc	Q0	4	0.0088959976360516	0.1536838809786498	0.426735665751787	0.4106844556335114
65c9c8caf174b289770378c8	Q0	4	0.000229119302045	0.0137720483820474	0.190154568250662	0.7958442640652456
65c9c8c9f174b289770378c7	Q0	2	0.0017049824941908	0.041260764790191	0.2609612015861285	0.6960730511294896
65c9c8b2f174b289770378c3	Q0	4	0.0140316354477648	0.1929662407536418	0.3458824769031902	0.4471196468954031
65c9c844f174b289770378b3	Q0	4	0.0090162131654574	0.1175732354059815	0.3077707290184479	0.565639822410113
65c9c70ff174b28977037891	Q0	4	0.0006575130739506	0.027794508611044	0.1693121866642174	0.8022357916507878
65c9c66df174b28977037880	Q0	3	0.0016742845294826	0.0523061851741517	0.2836115520540753	0.6624079782422903
65c9c665f174b2897703787e	Q0	4	0.0011136105375043	0.1116876541502363	0.2737584020585615	0.6134403332536977
65c9c416f174b28977037868	Q0	4	0.00220097507003	0.0895990104490204	0.3434753596233674	0.564724654857582
65c9c33df174b28977037860	Q0	4	0.0003210815620102	0.0355367545076721	0.4927867521929719	0.4713554117373456
65c9c29ff174b28977037855	Q0	2	0.0016440785877969	0.0909441696846615	0.4237995263840579	0.4836122253434837
65c9c22ef174b2897703784e	Q0	3	0.009788653707299	0.1899918791547476	0.3556977416685234	0.4445217254694297
65c9c181f174b28977037839	Q0	2	0.0054108057032268	0.2234042499221087	0.520438960496093	0.2507459838785715
65c9c129f174b2897703782a	Q0	1	0.0335287361652578	0.2969735171886843	0.4334823442910437	0.2360154023550141
65c9c0fcf174b28977037825	Q0	4	0.0007232006169903	0.0596785932001857	0.3105525664670491	0.6290456397157748
65c9c078f174b28977037818	Q0	2	0.0015033758079829	0.0482939270159843	0.2060661879876776	0.7441365091883549
65c9c047f174b28977037813	Q0	3	0.0087822854533157	0.1547759482426159	0.3452782369718429	0.4911635293322253
65c9bffaf174b28977037806	Q0	2	0.0219678646709369	0.2405319884298084	0.3951191001123857	0.3423810467868688
65c9bf9ef174b289770377fe	Q0	4	0.0250979739242381	0.1933991954017085	0.3160892538916228	0.4654135767824304
65c9bf20f174b289770377f7	Q0	3	0.0138718686454552	0.2063574895582355	0.3578898834480323	0.4218807583482769
65c9bec3f174b289770377ee	Q0	2	0.0346036652835054	0.3261919818792771	0.5356325095957092	0.1035718432415081
65c9be48f174b289770377de	Q0	2	0.0261355041590836	0.2832631155270183	0.2935587831591479	0.39704259715475
65c9bde8f174b289770377d8	Q0	4	0.0016156944041455	0.0608103154063833	0.2833175167068478	0.6542564734826233
65c9bd38f174b289770377c2	Q0	3	0.0049417776005442	0.2182937656777821	0.5426917909491211	0.2340726657725525
65c9bce0f174b289770377bd	Q0	4	0.0024539215540377	0.0650319494547909	0.3526076547626077	0.5799064742285635
65c9bc12f174b289770377a9	Q0	1	0.0135790084555557	0.2829290061213117	0.4327849720935957	0.2707070133295368
65c9bbf2f174b289770377a6	Q0	4	0.002153687436374	0.0626119002414764	0.2489671001301052	0.6862673121920443
65c9bb88f174b28977037799	Q0	3	0.0025567456583307	0.092583896494515	0.3380872920296111	0.5667720658175431
65c9bb67f174b28977037793	Q0	4	0.0036504523965515	0.14594368150511	0.4857562253716176	0.3646496407267209
65c9badaf174b28977037781	Q0	4	0.0047701007069968	0.0981878437785559	0.3078677837453806	0.5891742717690664
65c9bac3f174b2897703777e	Q0	3	0.005067827724871	0.1602270655965369	0.4072054825451611	0.427499624133431
65c9b894f174b28977037769	Q0	4	0.0060920401699476	0.1129527544302745	0.3904043624934557	0.4905508429063221
65c9b861f174b28977037763	Q0	2	0.0060791413991774	0.1294505647356442	0.3544745558933703	0.5099957379718081
65c9b859f174b28977037761	Q0	4	0.0001206800434642	0.0129913947434644	0.2783781929496927	0.7085097322633785
65c9b659f174b2897703774d	Q0	3	0.0036156580712398	0.0796672733187518	0.3457619311979325	0.5709551374120757
65c9b62af174b28977037748	Q0	2	0.0157244965451898	0.2561478164546932	0.3720713793612281	0.3560563076388887
65c9b4a0f174b2897703772f	Q0	4	0.0003162694888819	0.0134519500959424	0.115880209880051	0.8703515705351245
65c9b444f174b28977037727	Q0	4	0.0387164138592299	0.3373347432775769	0.406566676288512	0.217382166574681
65c9b31ef174b28977037718	Q0	4	0.0018168597913088	0.0867121334486481	0.3481360046898797	0.5633350020701632
65c9b2abf174b2897703770d	Q0	4	0.0028957655567443	0.0532053639335504	0.2042918312809431	0.739607039228762
65c9b28ef174b2897703770b	Q0	3	0.04465256281808	0.3360238379131156	0.3529892148439789	0.2663343844248255
65c9b257f174b28977037706	Q0	4	0.000473561184448	0.054344267961497	0.357678859285113	0.587503311568942
65c9b0eef174b289770376fb	Q0	4	0.012105427987987	0.2112552348030383	0.4025047894582537	0.3741345477507208
65c9af74f174b289770376f4	Q0	4	0.002187064353934	0.081037836827211	0.3183188224760671	0.5984562763427878
65c9aea5f174b289770376f1	Q0	4	0.0062753889310955	0.1828683626371976	0.3603627864458059	0.4504934619859008
65c9ac70f174b289770376e1	Q0	3	0.0004456692767178	0.0472961863758628	0.3040509134825589	0.6482072308648603
65c9ab5ef174b289770376d8	Q0	3	0.0273373121412532	0.3081284107620006	0.3661740673320278	0.2983602097647183
65c9a5c0f174b289770376c9	Q0	4	0.0005025882103316	0.0184686239306637	0.1442663131603359	0.8367624746986687
65c9a360f174b289770376bf	Q0	4	0.000954189881132	0.0470606036042674	0.2398991218815641	0.7120860846330364
65c9a1b9f174b289770376b6	Q0	4	0.0477193638485821	0.3632391258280316	0.3706083061179091	0.2184332042054771
65c99f2df174b289770376af	Q0	4	0.0141741036941267	0.2121051444607332	0.4034586951937163	0.3702620566514237
65c99962f174b289770376a7	Q0	3	0.1064199281286181	0.3663047560800621	0.3521905462864031	0.1750847695049167
65c99858f174b289770376a2	Q0	4	0.0002566915260839	0.0114655948318987	0.1232044533022471	0.8650732603397702
65c966f2f174b28977037698	Q0	2	0.0167113175710865	0.2372143324442004	0.403042126505787	0.3430322234789259
65c96644f174b28977037693	Q0	4	0.0177677685943415	0.2306802754387201	0.362229816562911	0.3893221394040273
65c964abf174b2897703768c	Q0	2	0.0026956810682156	0.1495454093096913	0.3636077177134646	0.4841511919086283
65c96204f174b28977037687	Q0	3	0.0219121464664529	0.2607712838991904	0.3182914321011612	0.3990251375331953
65c95f37f174b28977037681	Q0	4	0.0330885294214615	0.248030290833672	0.427230909687005	0.2916502700578615
65c907cdf174b2897703766d	Q0	3	0.0006422343188709	0.0638244177690094	0.3995487042464448	0.5359846436656748
65c903e2f174b28977037665	Q0	2	0.0214386702208351	0.2359955882505172	0.4213034133915532	0.3212623281370943
65c90311f174b2897703765d	Q0	4	0.0068177007894284	0.2014568848180362	0.2927314065412907	0.4989940078512445
65c8ffd5f174b28977037654	Q0	4	0.0068009518514326	0.1530445385306129	0.4686580699156971	0.3714964397022574
65c8ee9ff174b28977037645	Q0	4	0.002808402628401	0.1219852166105375	0.3173005912822221	0.5579057894788392
65c8df27f174b28977037641	Q0	3	0.0014753604378786	0.0621241513898697	0.3195921413598461	0.6168083468124055
65c7e61df174b28977037629	Q0	3	0.0003741225961652	0.0208761688493378	0.1540722983345435	0.8246774102199533
65c7e363f174b2897703761b	Q0	3	0.0118702366149934	0.1384561878387496	0.390499520860502	0.4591740546857548
65c7e116f174b28977037610	Q0	4	0.0010075736855604	0.0296938944083008	0.1737748245239156	0.7955237073822231
65c7dcdaf174b28977037605	Q0	4	0.0001435394418506	0.0059849355750764	0.0862623793712108	0.907609145611862
65c7da9bf174b289770375fc	Q0	4	0.0031268583155807	0.0987887633917665	0.3424073353705519	0.555677042922101
65c7c59ff174b289770375f8	Q0	3	0.0034229541137025	0.1349651712174522	0.3082509284894666	0.5533609461793785
65c7c103f174b289770375f1	Q0	3	0.0058173251054857	0.1716431568493079	0.4255450476063119	0.3969944704388943
65c7bf51f174b289770375e3	Q0	4	0.0046776770767643	0.1208256425317414	0.41650769448413	0.4579889859073641
65c7bcc7f174b289770375d4	Q0	4	0.0216085418166506	0.2810659083144614	0.4052215242359397	0.292104025632948
65c7b5cbf174b289770375c0	Q0	3	0.0057716387811806	0.1830662222737142	0.4585880936633214	0.3525740452817837
65c7b249f174b289770375b8	Q0	2	0.0128160660990974	0.2431702579154285	0.4089794653678253	0.3350342106176487
65c7770cf174b289770375ab	Q0	3	0.0134266985962451	0.1768533321683186	0.383018425834274	0.4267015434011622
65c76b8ef174b289770375a3	Q0	4	0.0036417783385742	0.1542774827198733	0.4684782692343773	0.3736024697071752
65c74569f174b28977037599	Q0	3	0.0062853379452058	0.1296022844532508	0.3576604993856371	0.5064518782159061
65c73a1cf174b28977037591	Q0	1	0.0609876695361215	0.3759765990892689	0.3887683655649749	0.1742673658096345
65c7387ef174b28977037588	Q0	3	0.0040317209839794	0.1091509326881951	0.3406430067837949	0.5461743395440307
65c73879f174b28977037586	Q0	2	0.0044481479010882	0.0753311861330557	0.2646145946426614	0.6556060713231945
65c7374ff174b2897703757b	Q0	4	0.0060285142938448	0.1944496371596852	0.3703692365371321	0.4291526120093377
65c73512f174b2897703756c	Q0	2	0.0100340817179649	0.1739703826611751	0.430879095614915	0.3851164400059449
65c73027f174b28977037564	Q0	4	0.0026972688254994	0.0590971449792186	0.1912043239075661	0.7470012622877159
65c72a1af174b2897703755b	Q0	4	0.0008232835471802	0.0564086711867018	0.2446241598161788	0.698143885449939
65c729b5f174b28977037559	Q0	4	0.0052096884436284	0.1833916177968792	0.5170512784898031	0.2943474152696892
65c7276bf174b2897703754a	Q0	2	0.0134602891287534	0.2316376980238892	0.4513344480254366	0.3035675648219208
65c72722f174b28977037547	Q0	3	0.0048731925079703	0.1276181328899843	0.4323404549830856	0.4351682196189597
65c7269df174b2897703753e	Q0	4	0.0045783338140952	0.1309041709293968	0.4094652277986741	0.4550522674578336
65c72472f174b28977037529	Q0	3	0.0009693705943646	0.0618618275483726	0.3756414921132008	0.5615273097440618
65c71e43f174b2897703751e	Q0	4	0.0159329767460547	0.269622186724461	0.367200187961579	0.3472446485679053
65c71946f174b2897703750e	Q0	4	0.0168344124138461	0.143856553862356	0.3936926305568583	0.4456164031669395
65c71597f174b289770374ff	Q0	4	0.0003066908736785	0.0178178619624846	0.210048768600311	0.7718266785635257
65c70e7df174b289770374f6	Q0	3	0.0075375224875862	0.1562373375224919	0.2828785194176699	0.5533466205722518
65c709e9f174b289770374ec	Q0	4	0.0043185533328853	0.1276772722511329	0.3757492262910815	0.4922549481249002
65c706f8f174b289770374e4	Q0	4	0.0085931769695999	0.1957545175454987	0.4277890382335563	0.3678632672513451
65c70385f174b289770374db	Q0	3	0.0033979153453382	0.0958893104276808	0.3078423834226811	0.5928703908042997
65c701b4f174b289770374d4	Q0	4	0.0037016691812812	0.129789362511757	0.3978760752170086	0.4686328930899531
65c6fffdf174b289770374cd	Q0	3	0.0085856050572545	0.1666839943230247	0.3803634794034794	0.4443669212162413
65c68f93f174b289770374c1	Q0	2	0.0114148113056021	0.2562666872878079	0.4300213890621358	0.3022971123444541
65c666e9f174b289770374b3	Q0	3	0.0092730756990508	0.260947989930343	0.4362411362103667	0.2935377981602393
65c65992f174b289770374aa	Q0	2	0.0052789234043867	0.2021604878456893	0.3115556507124308	0.4810049380374929
65c64d82f174b2897703749a	Q0	2	0.024651261514097	0.287583736787632	0.4585252340241498	0.2292397676741211
65c6356ef174b28977037493	Q0	3	0.0033574032555418	0.1168142696470301	0.3913574100149001	0.488470917082528
65c622bff174b28977037486	Q0	2	0.0073169995056299	0.1568127063984207	0.4268941158957316	0.4089761782002177
65c6213df174b2897703747f	Q0	4	0.004548984450519	0.1020781208026845	0.3725780925818919	0.5207948021649045
65c61b9bf174b28977037476	Q0	4	0.0014239805994741	0.0366813293639192	0.2788441124501921	0.6830505775864146
65c61587f174b2897703746f	Q0	3	0.0012665245294406	0.077561592152032	0.3804093684152406	0.5407625149032866
65c6133af174b2897703746a	Q0	4	0.001760423721063	0.0512814675554177	0.1985463016636555	0.7484118070598635
65c60f9af174b2897703745a	Q0	4	0.0020196144003566	0.044329816186994	0.2468597847289879	0.7067907846836613
65c609f1f174b28977037454	Q0	4	0.0073321322412418	0.1597723781863606	0.3696837520598491	0.4632117375125484
65c605e3f174b28977037447	Q0	3	0.0047884527984855	0.1368999343388521	0.4029180343963459	0.4553935784663164
65c60309f174b28977037442	Q0	4	0.0074631630155338	0.1216176517086539	0.3536045226830094	0.5173146625928028
65c602a2f174b2897703743c	Q0	4	0.0187273481540235	0.2307484194237949	0.3871243168534137	0.3633999155687676
65c60280f174b2897703743a	Q0	4	0.0010248937582748	0.0462801968954037	0.2834432868452747	0.6692516225010468
65c60203f174b28977037433	Q0	4	0.0025174747382912	0.0954435440706415	0.32022084907852	0.5818181321125472
65c60166f174b2897703742d	Q0	3	0.0226958599054669	0.2043268514855396	0.3232564350607976	0.4497208535481957
65c60093f174b28977037424	Q0	4	0.0192792041611368	0.3107704418043056	0.4183580565110598	0.2515922975234977
65c5ffe4f174b2897703741f	Q0	4	0.002004765686116	0.1430912715363954	0.3488219740856769	0.5060819886918116
65c5fe6cf174b28977037419	Q0	2	0.0047220332949993	0.1235563082832153	0.3614971253913368	0.5102245330304485
65c5fd8df174b28977037412	Q0	2	0.0085062312112024	0.177242611165223	0.3457088609801468	0.4685422966434277
65c5fc3bf174b2897703740b	Q0	4	0.0026486894625367	0.084944676105236	0.292032055465002	0.6203745789672251
65c5f77ff174b289770373fa	Q0	4	0.0004956984535277	0.0313423245532305	0.2790534404371928	0.689108536556049
65c5f6c4f174b289770373f8	Q0	4	0.0065099420325272	0.1060144655026189	0.1994379482898678	0.688037644174986
65c5efbaf174b289770373e9	Q0	4	0.0096657703120123	0.1651697298056315	0.2708291043416804	0.5543353955406757
65c5eccaf174b289770373e4	Q0	3	0.0067567347928523	0.1885729160343393	0.3894542711951485	0.4152160779776597
65c5d5f9f174b289770373d6	Q0	3	0.0051728104382238	0.1085605026737324	0.2346725518057009	0.6515941350823429
65c5cf8cf174b289770373b9	Q0	4	0.0012628227329495	0.0712886893047004	0.3761419803991337	0.5513065075632162
65c5c73ef174b289770373a2	Q0	4	0.0002815362685044	0.0152308122916188	0.1687532688379367	0.81573438260194
65c5b90bf174b28977037378	Q0	2	0.0190206131206404	0.2688048071342093	0.4106953596133204	0.3014792201318298
65c5b4b9f174b2897703736a	Q0	4	0.0051393429562028	0.210954198620412	0.3859905324234574	0.3979159259999277
65ca24fff174b28977037c42	Q8	3	0.3877684112481628	0.2447416301296412	0.367489733862314	0.0
65ca2480f174b28977037c3c	Q8	3	0.3062030948039925	0.2235508914353652	0.4702455900744586	0.0
65ca23c7f174b28977037c35	Q8	1	0.2808583970747076	0.2885361892203129	0.4306054137049794	0.0
65ca2346f174b28977037c2e	Q8	3	0.262265465928967	0.1830887155006038	0.5546454714915827	0.0
65ca225cf174b28977037c27	Q8	3	0.197280118548223	0.3432344839683089	0.4594851117674143	0.0
65ca2184f174b28977037c20	Q8	2	0.3986362253598526	0.2771635555351849	0.3242002191049625	0.0
65ca207af174b28977037c1a	Q8	2	0.2061906241754084	0.3301837114695612	0.4636254752960447	0.0
65ca1fe6f174b28977037c13	Q8	1	0.5577353941206034	0.1131928776865195	0.329071728192877	0.0
65ca1f4df174b28977037c0c	Q8	1	0.3650449198029908	0.2210244467025735	0.4139302883271545	0.0
65ca1988f174b28977037c05	Q8	1	0.4117966945594911	0.0464995329171834	0.5417024349942385	0.0
65ca189ff174b28977037bfe	Q8	3	0.269968873894845	0.1956111520374739	0.5344196012213593	0.0
65ca0f6ff174b28977037bf6	Q8	3	0.4737805465717901	0.1572854146413685	0.3689328069857976	0.0
65ca0f23f174b28977037bf2	Q8	3	0.3277211912826913	0.199370603189823	0.4729078836301445	0.0
65ca0d9af174b28977037be7	Q8	2	0.5949024229631585	0.0969802158195193	0.3081166660340199	0.0
65ca0d19f174b28977037bde	Q8	3	0.2874325098592887	0.2366940749628927	0.4758734151778185	0.0
65ca0c58f174b28977037bd6	Q8	1	0.3409608721013605	0.2335378181584205	0.4255013097402189	0.0
65ca0a93f174b28977037bca	Q8	2	0.3796882341739563	0.2075359503980016	0.4127754661371985	0.0
65ca0914f174b28977037bc2	Q8	3	0.3290212209652186	0.2632503683094361	0.4077277817362574	0.0
65ca04ecf174b28977037bb5	Q8	2	0.2709311432132695	0.1898441181267469	0.5392241809192259	0.0
65ca0376f174b28977037bb3	Q8	1	0.3990850603639096	0.1236954168317263	0.4772188200964741	0.0
65ca0179f174b28977037baa	Q8	1	0.8107151477798421	0.1129932403073953	0.0762916119127624	0.0
65c9fdabf174b28977037b9c	Q8	2	0.4178897966042208	0.2975010645435497	0.2846088562127783	0.0
65c9fbfdf174b28977037b96	Q8	3	0.1505931573458915	0.3363741823864659	0.5130326602676425	0.0
65c9fb8df174b28977037b93	Q8	3	0.3369837627648333	0.3112283687851712	0.3517878684499955	0.0
65c9fb2ff174b28977037b90	Q8	3	0.231430370099727	0.1966418101501346	0.5719266513070953	0.0
65c9fa09f174b28977037b88	Q8	2	0.3226656351038485	0.2803651053962047	0.3969688053324528	0.0
65c9f916f174b28977037b80	Q8	2	0.4542364722155945	0.2278826780017072	0.3178808497826983	0.0
65c9f7cbf174b28977037b78	Q8	3	0.2025633470220635	0.2694169992590524	0.5280193403189811	0.0
65c9f712f174b28977037b6d	Q8	3	0.319410430327434	0.231400110260131	0.4491891332587328	0.0
65c9f62ef174b28977037b65	Q8	3	0.4384029124032109	0.2342675360839823	0.3273293592626666	0.0
65c9f5e2f174b28977037b60	Q8	2	0.3157802131616225	0.2376352995600885	0.4465837682694136	0.0
65c9f515f174b28977037b54	Q8	3	0.2977600652107512	0.1750561206423148	0.5271823542312389	0.0
65c9f4dff174b28977037b4f	Q8	1	0.3431078716663422	0.374789540232299	0.2821025881013587	0.0
65c9f3b1f174b28977037b3f	Q8	1	0.4284553440371205	0.2667931283743063	0.3047512463172641	0.0
65c9f34df174b28977037b34	Q8	1	0.2491063444660903	0.2587348239603488	0.492157876147814	0.0
65c9f2fff174b28977037b2e	Q8	1	0.4781083533525926	0.1286077516826848	0.3932834652366387	0.0
65c9f2f5f174b28977037b2c	Q8	1	0.4846678714373083	0.1939160619733093	0.3214157624501027	0.0
65c9f24ef174b28977037b1c	Q8	1	0.3089018905160308	0.1042830795377332	0.5868147486947666	0.0
65c9f117f174b28977037b14	Q8	3	0.439063593130095	0.2084693570078062	0.3524665632237583	0.0
65c9f0b2f174b28977037b10	Q8	3	0.337797125571194	0.2653929864138723	0.3968094517554321	0.0
65c9f033f174b28977037b08	Q8	2	0.2343766963762118	0.2913712521299493	0.4742520514938387	0.0
65c9efadf174b28977037af7	Q8	2	0.4051792017370056	0.1253557258761503	0.4694650723868439	0.0
65c9ef9ff174b28977037af4	Q8	3	0.2790141795797823	0.2607442921186799	0.4602412476393798	0.0
65c9ef50f174b28977037aee	Q8	1	0.4278574318636573	0.1392187555496979	0.4329231705191469	0.0
65c9eeb1f174b28977037ae0	Q8	3	0.1948033992832765	0.3640600917278118	0.441135763219689	0.0
65c9ee66f174b28977037ad8	Q8	1	0.4176753877188807	0.1900661152102881	0.3922582196100082	0.0
65c9edf6f174b28977037ad1	Q8	1	0.1584765699371462	0.4854940142678542	0.3560286334474984	0.0
65c9edf0f174b28977037ace	Q8	3	0.283649765083192	0.2519106737886421	0.4644389024463998	0.0
65c9ece5f174b28977037abe	Q8	1	0.2829462201072265	0.2047452952869173	0.5123074251672788	0.0
65c9eccdf174b28977037abc	Q8	2	0.1773062248806348	0.4875370666852917	0.3351563441042449	0.0
65c9ec9af174b28977037ab9	Q8	3	0.5425136159913053	0.0707141775347884	0.3867715790273854	0.0
65c9ebedf174b28977037aad	Q8	3	0.2664328082171427	0.356161501917236	0.3774054391722301	0.0
65c9ebb6f174b28977037aa5	Q8	1	0.3938281617065644	0.1997366155435507	0.4064342366175748	0.0
65c9eb68f174b28977037a99	Q8	2	0.292675000402401	0.3705500709022575	0.3367743696103308	0.0
65c9eb09f174b28977037a90	Q8	3	0.2604434289685354	0.2445561841011288	0.4949999068275431	0.0
65c9eae6f174b28977037a8b	Q8	3	0.3973839816669692	0.2888321060785692	0.3137839122544616	0.0
65c9ea9cf174b28977037a84	Q8	1	0.3222353603310942	0.122281322370684	0.5554829809454687	0.0
65c9ea70f174b28977037a7f	Q8	3	0.3268850376804081	0.1403790188952349	0.5327356006961612	0.0
65c9e885f174b28977037a5f	Q8	2	0.3381234790229236	0.3041795497767589	0.3576967467536968	0.0
65c9e81df174b28977037a53	Q8	1	0.4009229273999585	0.1678032073267744	0.4312726798140945	0.0
65c9e7eaf174b28977037a45	Q8	3	0.3617150160145599	0.1470343676814084	0.4912502898478245	0.0
65c9e7d9f174b28977037a3f	Q8	1	0.3470672454229488	0.286213762227458	0.3667187303917963	0.0
65c9e75bf174b28977037a2e	Q8	3	0.1140023601407875	0.4660818447289163	0.4199149543662904	0.0
65c9e716f174b28977037a23	Q8	3	0.3139046388565578	0.1644290124606418	0.5216660237481131	0.0
65c9e6b5f174b28977037a16	Q8	3	0.1381354354608641	0.4275990982418066	0.4342648798940878	0.0
65c9e641f174b28977037a04	Q8	3	0.2895055485711328	0.1699527849486143	0.5405416664802528	0.0
65c9e579f174b289770379f3	Q8	2	0.1233595997209721	0.401135415576768	0.4755049847022599	0.0
65c9e4c9f174b289770379e2	Q8	1	0.2738925068996697	0.2243826646881202	0.5017248284122099	0.0
65c9e49df174b289770379dd	Q8	3	0.4498613230359513	0.1647219176021982	0.385416267406106	0.0
65c9e3f6f174b289770379c7	Q8	3	0.4386406911284246	0.1733126981543712	0.3880460145183707	0.0
65c9e3f1f174b289770379c5	Q8	2	0.1863012167369444	0.5072921339057784	0.3064056901405265	0.0
65c9e2f0f174b289770379ac	Q8	3	0.2046900718532774	0.2793862101920858	0.5159234442046183	0.0
65c9e29cf174b2897703799d	Q8	2	0.4052810106673796	0.2229533551836781	0.3717656341489421	0.0
65c9e259f174b28977037999	Q8	2	0.3470107126629863	0.2224565388905929	0.4305327484464207	0.0
65c9e117f174b28977037986	Q8	3	0.1484720195159626	0.3919244610121019	0.4596030856483884	0.0
65c9e0a9f174b2897703797c	Q8	1	0.443087800289293	0.2836351545498629	0.2732764568359694	0.0
65c9e093f174b28977037977	Q8	1	0.5086599494975192	0.1298132679741686	0.3615265987192569	0.0
65c9e011f174b28977037970	Q8	1	0.4654008730702793	0.1472585605232513	0.387340231057525	0.0
65c9dfe8f174b2897703796d	Q8	3	0.2856135336776728	0.1238009849466653	0.5905854813756618	0.0
65c9dd5df174b28977037959	Q8	3	0.3160532175604512	0.2074436236306092	0.476502566585872	0.0
65c9db5df174b2897703794a	Q8	1	0.6314558833709105	0.2955670395450795	0.0729770770840099	0.0
65c9da77f174b28977037941	Q8	3	0.4602840921507933	0.139789565813079	0.3999261441696301	0.0
65c9d8e5f174b28977037939	Q8	3	0.3558982859517225	0.2155546505880242	0.4285467083477199	0.0
65c9d7f6f174b28977037923	Q8	1	0.6130781837857291	0.2729025551663354	0.1140192610479355	0.0
65c9d7c6f174b2897703791b	Q8	3	0.2806632983555951	0.2064195038197774	0.5129171978246273	0.0
65c9d78ff174b28977037916	Q8	2	0.3873142792807768	0.3342145174505326	0.2784712032686905	0.0
65c9cfb3f174b28977037906	Q8	1	0.4646465310708663	0.2124286077302073	0.3229248611989264	0.0
65c9ccf8f174b289770378fe	Q8	3	0.3147076913392128	0.2423066187997261	0.4429852368071161	0.0
65c9cccaf174b289770378f9	Q8	2	0.2468635335698198	0.4064335383298844	0.3467027166084071	0.0
65c9ccbcf174b289770378f7	Q8	3	0.338848142968838	0.1822625538643578	0.4788889920475759	0.0
65c9caaef174b289770378e8	Q8	2	0.2351049653951648	0.2822217686915804	0.4826719043037565	0.0
65c9caa7f174b289770378e6	Q8	2	0.2735978009907944	0.2237802734642889	0.5026219255449168	0.0
65c9c8d9f174b289770378cc	Q8	3	0.3919632802611207	0.1291744430536782	0.478861380786974	0.0
65c9c8caf174b289770378c8	Q8	3	0.2983235612816811	0.2168469431539938	0.4848294955643252	0.0
65c9c8c9f174b289770378c7	Q8	3	0.2028112833627508	0.1951619073285015	0.6020268093087476	0.0
65c9c8b2f174b289770378c3	Q8	2	0.2431200086003481	0.3151455778538928	0.4417339969170488	0.0
65c9c844f174b289770378b3	Q8	3	0.2128583587222058	0.2224439727396386	0.5646969762128639	0.0
65c9c70ff174b28977037891	Q8	1	0.2416818764909363	0.2517584513418502	0.5065591513695213	0.0
65c9c66df174b28977037880	Q8	3	0.1338265236938189	0.586406204942913	0.2797660902116136	0.0
65c9c665f174b2897703787e	Q8	1	0.3888714730441041	0.1591047078694951	0.4520238190864007	0.0
65c9c416f174b28977037868	Q8	3	0.2713800214399315	0.2493060434023277	0.4793132890430101	0.0
65c9c33df174b28977037860	Q8	3	0.3331348398669835	0.1064846169088315	0.5603796119447375	0.0
65c9c29ff174b28977037855	Q8	3	0.605910977162438	0.1937908535243022	0.2002981693132596	0.0
65c9c22ef174b2897703784e	Q8	1	0.6815996822407042	0.0955250808128357	0.22287523694646	0.0
65c9c181f174b28977037839	Q8	3	0.4326411532460533	0.176468085091689	0.3908907616622575	0.0
65c9c129f174b2897703782a	Q8	2	0.2753152460757149	0.1773978571274901	0.5472864776571907	0.0
65c9c0fcf174b28977037825	Q8	1	0.5322997384031376	0.1518933148960432	0.3158069467008192	0.0
65c9c078f174b28977037818	Q8	2	0.1769160276302094	0.3499601881366578	0.4731232521096049	0.0
65c9c047f174b28977037813	Q8	3	0.4564991526461903	0.0966736278379672	0.446826843049743	0.0
65c9bffaf174b28977037806	Q8	1	0.2790361481644036	0.3282967866923093	0.3926665728973346	0.0
65c9bf9ef174b289770377fe	Q8	1	0.4420021540759726	0.0919373342533137	0.4660599414342897	0.0
65c9bf20f174b289770377f7	Q8	1	0.4645193910547245	0.20822753570502	0.3272525194006846	0.0
65c9bec3f174b289770377ee	Q8	3	0.5155990451500853	0.0801274040987582	0.4042732291497607	0.0
65c9be48f174b289770377de	Q8	3	0.4156208524874681	0.1599554697416866	0.4244233238157624	0.0
65c9bde8f174b289770377d8	Q8	1	0.3121514025987397	0.2741883653151099	0.4136596336938898	0.0
65c9bd38f174b289770377c2	Q8	1	0.3504717304039014	0.1975847385295358	0.4519431276663689	0.0
65c9bce0f174b289770377bd	Q8	1	0.433165617184992	0.250845307058716	0.315989075756292	0.0
65c9bc12f174b289770377a9	Q8	3	0.1805685500134767	0.2726121486572412	0.546819017648431	0.0
65c9bbf2f174b289770377a6	Q8	2	0.2238151575074602	0.4712642709561485	0.3049205715363913	0.0
65c9bb88f174b28977037799	Q8	3	0.3062999772350265	0.3330859415835407	0.3606137134269321	0.0
65c9bb67f174b28977037793	Q8	3	0.2428743002868789	0.2343705305134618	0.5227551691996593	0.0
65c9badaf174b28977037781	Q8	3	0.5575561805088878	0.1399785043509396	0.3024651821362623	0.0
65c9bac3f174b2897703777e	Q8	2	0.20132740448713	0.269925328846669	0.5287472666662009	0.0
65c9b894f174b28977037769	Q8	1	0.4506540695740456	0.1926408193565063	0.3567048237047961	0.0
65c9b861f174b28977037763	Q8	3	0.1457399798934785	0.5165108392385523	0.3377483441644977	0.0
65c9b859f174b28977037761	Q8	3	0.1922132744027885	0.4476873277960629	0.3600989157648989	0.0
65c9b659f174b2897703774d	Q8	3	0.2522561531128141	0.1662592391541325	0.5814839565738203	0.0
65c9b62af174b28977037748	Q8	1	0.4167809710695919	0.1078295818015143	0.4753890562503458	0.0
65c9b4a0f174b2897703772f	Q8	2	0.3944653136875132	0.2130405262452755	0.3924937492719389	0.0
65c9b444f174b28977037727	Q8	1	0.3586926085243537	0.1689806274767675	0.4723260249832745	0.0
65c9b31ef174b28977037718	Q8	2	0.5703204935417219	0.1971001296971976	0.2325793767610806	0.0
65c9b2abf174b2897703770d	Q8	3	0.3491213017568982	0.3676521443895537	0.2832263018632997	0.0
65c9b28ef174b2897703770b	Q8	3	0.3314291791649288	0.2392601250248404	0.4293104639115379	0.0
65c9b257f174b28977037706	Q8	1	0.5021263509008892	0.1762844322760569	0.3215889518593524	0.0
65c9b0eef174b289770376fb	Q8	1	0.2434159920787864	0.2315388739052726	0.5250444476854758	0.0
65c9af74f174b289770376f4	Q8	2	0.1577154359832083	0.5606951039874599	0.2815891154813607	0.0
65c9aea5f174b289770376f1	Q8	1	0.3673365546059217	0.3115559604324362	0.3211069259626173	0.0
65c9ac70f174b289770376e1	Q8	3	0.3992789986368562	0.2332654690718189	0.3674550716758816	0.0
65c9ab5ef174b289770376d8	Q8	1	0.3459387000001406	0.1831123303786019	0.4709484131193215	0.0
65c9a5c0f174b289770376c9	Q8	3	0.3235228462204014	0.2514941260139888	0.4249830277656097	0.0
65c9a360f174b289770376bf	Q8	2	0.2411713051727425	0.3357028826160417	0.4231251468937299	0.0
65c9a1b9f174b289770376b6	Q8	3	0.2765415514304585	0.2656472726375858	0.4578108539141812	0.0
65c99f2df174b289770376af	Q8	3	0.4547525062570349	0.1987568520509948	0.3464903709121316	0.0
65c99962f174b289770376a7	Q8	1	0.6487377362339418	0.0740786740004513	0.2771833195206626	0.0
65c99858f174b289770376a2	Q8	1	0.3758827563291592	0.1501829137934764	0.4739338601881007	0.0
65c966f2f174b28977037698	Q8	3	0.3212475110290168	0.1510082979188187	0.5277437734740837	0.0
65c96644f174b28977037693	Q8	3	0.5112686995655065	0.2035436509483646	0.2851876494861289	0.0
65c964abf174b2897703768c	Q8	3	0.2838585151935627	0.2189943713936163	0.497146886190827	0.0
65c96204f174b28977037687	Q8	3	0.4031443730912546	0.1944584165759241	0.4023968874039451	0.0
65c95f37f174b28977037681	Q8	1	0.4436199985618569	0.1703756554107335	0.3860034614380871	0.0
65c907cdf174b2897703766d	Q8	3	0.2319779051353129	0.411055598147458	0.3569664967172289	0.0
65c903e2f174b28977037665	Q8	3	0.5062987468867417	0.1538156694592716	0.3398850030012423	0.0
65c90311f174b2897703765d	Q8	3	0.3924881501850608	0.1926260233259446	0.4148854907097062	0.0
65c8ffd5f174b28977037654	Q8	3	0.2075196721829042	0.4029097537954033	0.3895694562103445	0.0
65c8ee9ff174b28977037645	Q8	1	0.3409451203575583	0.2756995062035719	0.3833553734388698	0.0
65c8df27f174b28977037641	Q8	3	0.3947213260492671	0.2523798647290975	0.352898490142575	0.0
65c7e61df174b28977037629	Q8	2	0.1475913567307256	0.5552283062190057	0.2971798323574273	0.0
65c7e363f174b2897703761b	Q8	1	0.4185898166203308	0.1108983396316938	0.4705111149681378	0.0
65c7e116f174b28977037610	Q8	3	0.3036652142615657	0.2804895096995007	0.4158440855626031	0.0
65c7dcdaf174b28977037605	Q8	3	0.2498007378707481	0.2554817942014111	0.4947172818051266	0.0
65c7da9bf174b289770375fc	Q8	2	0.2990595633533321	0.1891841278213132	0.5117557508482558	0.0
65c7c59ff174b289770375f8	Q8	2	0.385008259196769	0.1452154724834276	0.4697762683198033	0.0
65c7c103f174b289770375f1	Q8	1	0.4731780805889402	0.110975232897704	0.4158462910725891	0.0
65c7bf51f174b289770375e3	Q8	3	0.3638937944710604	0.2269496874285537	0.4091562660403215	0.0
65c7bcc7f174b289770375d4	Q8	2	0.2331362182500719	0.3737470046731074	0.3931167770768206	0.0
65c7b5cbf174b289770375c0	Q8	2	0.2598735664079181	0.2277365616786394	0.5123897109435107	0.0
65c7b249f174b289770375b8	Q8	2	0.255644426769302	0.1919218429243935	0.5524337303063045	0.0
65c7770cf174b289770375ab	Q8	3	0.3013439792046886	0.2500441245077006	0.448611698847864	0.0
65c76b8ef174b289770375a3	Q8	2	0.466017711424843	0.1333745453428609	0.4006075784306412	0.0
65c74569f174b28977037599	Q8	3	0.3490860625839123	0.2347679523418074	0.4161454711772848	0.0
65c73a1cf174b28977037591	Q8	2	0.3116077889177125	0.2732757914140074	0.41511641966828	0.0
65c7387ef174b28977037588	Q8	1	0.1742281742164815	0.4237220662733488	0.4020490741718976	0.0
65c73879f174b28977037586	Q8	1	0.6331120024204947	0.0778017594171701	0.2890862381623351	0.0
65c7374ff174b2897703757b	Q8	1	0.4380139940168542	0.1519425759519953	0.4100431178580266	0.0
65c73512f174b2897703756c	Q8	3	0.3317207207711865	0.2088034152447131	0.4594755417485276	0.0
65c73027f174b28977037564	Q8	2	0.2341045975565808	0.3861985878987551	0.3796958599070835	0.0
65c72a1af174b2897703755b	Q8	3	0.5147685472598053	0.1610453942080779	0.3241852387141413	0.0
65c729b5f174b28977037559	Q8	3	0.3382043853821767	0.1676076620364915	0.4941876499266591	0.0
65c7276bf174b2897703754a	Q8	3	0.2268075694713661	0.328841294351952	0.4443506692833107	0.0
65c72722f174b28977037547	Q8	3	0.3748327763799791	0.1297340838710009	0.4954327617889312	0.0
